TPG20BT,,,
,,,
Student Number,WR1,AS1A,WR2
200300154,27,80,18
200402637,62,70,28
202092411,23,40,18
202178316,13,,14
204144028,43,,24
204172870,3,20,
204900583,32,70,24
205002421,75,80,29
205017070,47,70,21
206013745,23,90,43
206099763,33,,11
206101059,17,70,16
206146745,22,1,41
206191830,57,70,53
206239352,42,70,24
206256346,40,70,31
206261196,50,90,31
206301473,30,70,21
207006831,45,80,14
207019437,40,90,37
207021857,43,60,20
207025070,35,70,19
207032980,42,70,45
207076058,25,60,27
207092037,27,,26
207165239,63,80,26
207194778,33,60,22
207212490,18,70,10
207216917,32,70,30
207217034,35,70,38
207223891,47,70,33
207224456,43,1,26
207248797,42,80,39
207258040,22,60,32
207263796,87,70,51
207318892,43,80,36
207319112,,,31
207321966,67,70,33
207322946,42,,41
207329827,68,,37
208006851,8,70,26
208006967,42,70,39
208020811,38,70,21
208028600,35,80,35
208032119,30,70,58
208050559,48,90,44
208058347,53,60,57
208082809,48,,56
208086340,42,,30
208094343,43,80,31
208141040,37,70,39
208152769,78,,22
208163035,40,90,40
208164929,68,90,61
208182021,40,70,34
208200003,52,70,32
208200771,30,70,
208204726,38,90,45
208219286,28,70,27
208223950,53,80,49
208227491,62,60,46
208228919,80,90,54
208245791,33,70,59
208247077,42,70,39
208248219,28,70,53
208264621,58,70,46
208284266,53,70,46
208323873,58,70,28
209031450,60,100,68
209038951,52,70,42
209041200,38,,31
209046156,45,80,36
209088487,57,70,40
209117096,55,,66
209145847,45,70,54
209146509,55,70,41
209235587,83,90,61
209268671,50,70,51
209285487,62,1,56
209299649,,,49
209299100,70,80,49
209303255,50,,49
209310147,50,90,36
209321823,55,80,57
210100334,62,1,56
210104046,47,,
210104305,85,80,54
210177442,62,70,26
END,,,
